198
26
75
3
3
0
5
119
14
30
67
62
22
156
69
31
42
46
70
247
42
476
476
95
1003
465
57
1715
645
814
649
304
2110
398
0
398
60
299
60
299
993
60
60
0
0
0
0
3
885
1010
42
178
18
106
265
190
190
68
10
22
56
226
194
0
31
369
89
48
178
1364
128
58
30
10
115
63
137
88
144
24
30
33
76
125
0
1821
6
6
14
304
0
299
0
299
60
60
2413
299
60
299
60
0
398
752
398
398
993
0
0
557
2102
982
557
0
6888
60
557
0
171
127
205
68
103
19
29
60
80
3179
13436
23
2832
366
1201
42
0
52
857
0
2312
476
476
131
71
128
124
84
74
110
130
133
13
0
42
30
53
128
233
205
46
46
222
62
201
41
62
42
65
131
73
60
28
161
65
86
1189
227
137
248
244
60
299
0
299
6530
0
0
0
0
0
0
0
194
370
235
18
33
376
18
55
386
3601
618
53
58
74
198
1331
52
0
476
476
334
248
184
237
96
82
124
158
65
94
248
244
0
68
0
31
3273
102
56
64
559
133
128
1175
146
157
157
86
10
476
10
108
106
272
6
6
153
122
9
74
143
197
304
0
60
299
0
299
0
0
60
60
60
0
0
0
304
299
60
0
299
60
2102
0
993
0
398
557
557
60
0
0
0
78
37
66
118
52
77
84
826
51
102
678
