292
40
116
6
6
0
10
178
22
46
100
92
34
208
86
46
62
70
104
356
64
706
706
138
1474
692
80
2494
962
1164
964
456
3152
594
0
594
92
448
92
448
1502
92
92
0
0
0
0
6
1302
1486
64
252
28
146
400
288
288
100
16
34
84
328
282
0
44
536
134
72
252
1848
190
88
46
16
164
94
186
132
216
36
46
50
114
186
0
2714
10
10
26
456
0
448
0
448
92
92
3604
448
92
448
92
0
594
1128
594
594
1502
0
0
872
3138
1564
872
0
10060
92
872
0
256
170
292
86
144
28
44
88
116
4414
17624
34
3952
466
1498
64
0
80
1282
0
3440
706
706
192
104
166
178
118
112
156
188
184
20
0
64
46
80
190
338
308
70
70
328
94
288
62
94
62
92
180
110
80
42
232
92
126
1766
334
204
370
362
92
448
0
448
10000
0
0
0
0
0
0
0
290
550
352
28
50
558
28
82
532
5212
908
80
74
112
290
1984
80
0
706
706
494
370
256
328
144
122
186
236
94
138
370
362
0
102
0
44
4820
152
84
98
756
198
190
1666
218
230
234
126
16
706
16
154
152
384
10
10
210
178
14
104
208
294
456
0
92
448
0
448
0
0
92
92
92
0
0
0
456
448
92
0
448
92
3138
0
1502
0
594
872
872
92
0
0
0
128
56
88
176
72
116
126
1200
76
150
992
