294
42
118
8
8
0
12
180
24
48
102
94
36
210
88
48
64
72
106
358
66
708
708
140
1476
694
82
2496
964
1166
966
458
3154
596
0
596
94
450
94
450
1504
94
94
0
0
0
0
8
1304
1488
66
254
30
148
402
290
290
102
18
36
86
330
284
0
46
538
136
74
254
1850
192
90
48
18
166
96
188
134
218
38
48
52
116
188
0
2716
12
12
28
458
0
450
0
450
94
94
3606
450
94
450
94
0
596
1130
596
596
1504
0
0
874
3140
1566
874
0
10062
94
874
0
258
172
294
88
146
30
46
90
118
4416
17626
36
3954
468
1500
66
0
82
1284
0
3442
708
708
194
106
168
180
120
114
158
190
186
22
0
66
48
82
192
340
310
72
72
330
96
290
64
96
64
94
182
112
82
44
234
94
128
1768
336
206
372
364
94
450
0
450
10002
0
0
0
0
0
0
0
292
552
354
30
52
560
30
84
534
5214
910
82
76
114
292
1986
82
0
708
708
496
372
258
330
146
124
188
238
96
140
372
364
0
104
0
46
4822
154
86
100
758
200
192
1668
220
232
236
128
18
708
18
156
154
386
12
12
212
180
16
106
210
296
458
0
94
450
0
450
0
0
94
94
94
0
0
0
458
450
94
0
450
94
3140
0
1504
0
596
874
874
94
0
0
0
130
58
90
178
74
118
128
1202
78
152
994
