421
737
5370
6535
1326
7263
2463
1895
384
659
1058
341
927
2120
2080
259
622
505
1330
1439
1578
5499
5406
1906
3169
1671
1422
7349
3511
2884
3260
1872
5847
5152
672
5127
1258
3578
1213
3565
6267
3049
1214
2376
2139
2126
7588
2670
2907
1919
841
375
722
920
4769
7654
5306
840
917
881
1068
3298
2816
4567
1106
3309
1409
773
375
523
1699
340
908
582
1447
878
654
402
3288
730
1530
587
859
1737
10092
11542
1355
1355
2658
1944
590
2471
668
538
2520
1524
9790
144
1256
170
1225
2252
5147
4108
3707
5097
4993
51
2194
4310
7623
10360
5311
4275
8461
1204
5459
2599
9186
982
1094
1011
1402
277
323
358
457
1843
1425
202
2530
595
1616
1579
4992
3137
8727
311
7993
6244
5813
1726
1767
459
1927
1228
1691
1902
2478
1733
976
2216
1196
597
1122
1699
2763
2896
1032
1032
3131
2334
2352
677
1070
524
332
1722
2118
397
1323
3451
315
502
3841
1674
157
6202
5626
1218
597
274
575
7173
1702
2755
127
2082
2375
3498
1625
1707
1702
1839
1777
498
526
405
836
660
857
894
1130
369
993
6111
6196
1209
4301
5525
6017
6357
6120
697
338
1383
1188
2097
2536
2322
1793
6189
5613
193
1415
1017
1104
877
1595
2234
646
748
1837
1700
581
3727
3500
3715
2395
1493
6070
1299
1332
1566
3502
1355
1355
1124
1210
995
601
2725
4047
1986
2686
1225
539
2016
525
585
1428
1217
1157
3169
2170
1053
2782
1995
172
1249
660
567
1218
5787
2081
6127
2389
5163
5361
5497
1251
21
1628
4612
5888
1396
313
1482
1381
1131
1449
1323
1310
1893
155
