291
39
115
5
5
0
9
177
21
45
99
91
33
207
85
45
61
69
103
355
63
705
705
137
1473
691
79
2493
961
1163
963
455
3151
593
0
593
91
447
91
447
1501
91
91
0
0
0
0
5
1301
1485
63
251
27
145
399
287
287
99
15
33
83
327
281
0
43
535
133
71
251
1847
189
87
45
15
163
93
185
131
215
35
45
49
113
185
0
2713
9
9
25
455
0
447
0
447
91
91
3603
447
91
447
91
0
593
1127
593
593
1501
0
0
871
3137
1563
871
0
10059
91
871
0
255
169
291
85
143
27
43
87
115
4413
17623
33
3951
465
1497
63
0
79
1281
0
3439
705
705
191
103
165
177
117
111
155
187
183
19
0
63
45
79
189
337
307
69
69
327
93
287
61
93
61
91
179
109
79
41
231
91
125
1765
333
203
369
361
91
447
0
447
9999
0
0
0
0
0
0
0
289
549
351
27
49
557
27
81
531
5211
907
79
73
111
289
1983
79
0
705
705
493
369
255
327
143
121
185
235
93
137
369
361
0
101
0
43
4819
151
83
97
755
197
189
1665
217
229
233
125
15
705
15
153
151
383
9
9
209
177
13
103
207
293
455
0
91
447
0
447
0
0
91
91
91
0
0
0
455
447
91
0
447
91
3137
0
1501
0
593
871
871
91
0
0
0
127
55
87
175
71
115
125
1199
75
149
991
