52
356
2719
729
2039
-1
2724
92
277
199
241
114
343
1005
1380
347
441
264
172
115
491
393
386
656
321
76
271
64
47
19
38
1885
1872
677
-1
678
1209
874
1211
876
291
436
1210
-1
-1
-1
-1
385
75
21
400
258
348
389
1704
80
1888
100
553
464
169
406
157
-1
516
-1
513
510
258
6
107
181
282
316
780
605
142
984
905
344
801
469
685
497
-1
2778
1153
1153
483
1882
-1
433
-1
2220
479
2402
1525
2220
1213
2221
1207
-1
682
2435
1340
672
1465
-1
-1
1480
503
2448
383
-1
1823
1206
391
-1
84
174
369
252
124
216
304
298
104
5
63
123
46
19
3
487
-1
29
230
-1
47
391
377
457
485
169
147
109
256
407
454
294
661
-1
243
255
556
107
250
1352
180
385
716
669
303
454
309
349
319
894
693
168
984
912
335
1149
28
2625
2729
507
425
1205
2213
-1
2219
692
-1
-1
-1
-1
-1
-1
-1
72
72
90
1164
275
120
343
588
11
432
214
557
300
141
209
2048
1880
-1
384
405
503
460
38
116
152
117
98
107
1190
500
512
437
-1
257
-1
516
1997
276
720
240
6
76
109
190
167
158
219
409
389
402
925
363
195
613
1153
1153
94
142
641
142
156
285
1875
-1
1208
2219
-1
2219
-1
-1
1206
1203
540
-1
-1
-1
1882
2219
1206
-1
2221
1206
1540
-1
289
-1
687
394
395
1210
-1
-1
-1
132
854
316
116
677
295
144
644
672
751
383
